sf6ff_nominal_k2 =        36.17075106 ;
sf5ff_nominal_k2 =        -1.01417824 ;
sd4ff_nominal_k2 =        134.8176216 ;
sf1ff_nominal_k2 =       -19.63588907 ;
sd0ff_nominal_k2 =         41.8207991 ;

